  io_bytes_sent    io_bytes_recv
	149012480		149012480
	149013504		149013504
	149013504		149013504
	149014528		149014528
	149014528		149014528
	149015552		149015552
	149017600		149017600
	149018624		149018624
	149018624		149018624
	149019648		149019648
	149022720		149022720
	149022720		149022720
	149022720		149022720
	149022720		149022720
	149024768		149024768
	149024768		149024768
	149026816		149026816
	149026816		149026816
	149027840		149027840
	149028864		149028864
	149028864		149028864
	149029888		149029888
	149029888		149029888
	149030912		149030912
	149030912		149030912
	149030912		149030912
	149030912		149030912
	149031936		149031936
	149032960		149032960
	149032960		149032960
	149033984		149033984
	149033984		149033984
	149035008		149035008
	149236736		149236736
	149236736		149236736
	149243904		149243904
	149244928		149244928
	149244928		149244928
	149246976		149246976
	149250048		149250048
	149254144		149254144
	149254144		149254144
	149255168		149255168
	149255168		149255168
	149256192		149256192
	149258240		149258240
	149258240		149258240
	149259264		149259264
	149259264		149259264
	149264384		149264384
	149264384		149264384
	150578176		150578176
	150578176		150578176
	150578176		150578176
	150582272		150582272
	150587392		150587392
	150588416		150588416
	150980608		150980608
	150980608		150980608
	1395712		1395712
	1449984		1449984
	1457152		1457152
	1463296		1463296
	1468416		1468416
	1473536		1473536
	1478656		1478656
	1483776		1483776
	1488896		1488896
	1496064		1496064
	1501184		1501184
	1507328		1507328
	1512448		1512448
	1517568		1517568
	17285120		17285120
	17288192		17288192
	17290240		17290240
	17294336		17294336
	17296384		17296384
	17306624		17306624
	17388544		17388544
	17471488		17471488
	17555456		17555456
	17638400		17638400
	17696768		17696768
	17700864		17700864
	17703936		17703936
	17707008		17707008
	17710080		17710080
	17713152		17713152
	17716224		17716224
	17719296		17719296
	17723392		17723392
	17726464		17726464
	17729536		17729536
	17732608		17732608
	17735680		17735680
	17738752		17738752
	17741824		17741824
	17744896		17744896
	17747968		17747968
	17751040		17751040
	17754112		17754112
	17757184		17757184
	17760256		17760256
	17764352		17764352
	17767424		17767424
	17770496		17770496
	17773568		17773568
	17776640		17776640
	17779712		17779712
	17782784		17782784
	17785856		17785856
	17789952		17789952
	17792000		17792000
	17796096		17796096
	17799168		17799168
	17802240		17802240
	17805312		17805312
	17808384		17808384
	17811456		17811456
	17815552		17815552
	17817600		17817600
	17821696		17821696
	17824768		17824768
	17827840		17827840
	17830912		17830912
	17833984		17833984
	17837056		17837056
	17840128		17840128
	17843200		17843200
	17846272		17846272
	17850368		17850368
	17853440		17853440
	17856512		17856512
	17859584		17859584
	17862656		17862656
	17865728		17865728
	17868800		17868800
	17871872		17871872
	17875968		17875968
	17879040		17879040
	17881088		17881088
	17885184		17885184
	17888256		17888256
	17891328		17891328
	17894400		17894400
	17897472		17897472
	17900544		17900544
	17903616		17903616
	17906688		17906688
	17909760		17909760
	17912832		17912832
	17915904		17915904
	17918976		17918976
	17922048		17922048
	17925120		17925120
	17929216		17929216
	17931264		17931264
	17934336		17934336
	17938432		17938432
	17940480		17940480
	17943552		17943552
	17947648		17947648
	17950720		17950720
	17953792		17953792
	17956864		17956864
	17959936		17959936
	17963008		17963008
	17966080		17966080
	17969152		17969152
	17972224		17972224
	17975296		17975296
	17978368		17978368
	17982464		17982464
	17984512		17984512
	17987584		17987584
	17991680		17991680
	17994752		17994752
	17996800		17996800
	18000896		18000896
	18003968		18003968
	18007040		18007040
	18010112		18010112
	18013184		18013184
	18016256		18016256
	18019328		18019328
	18022400		18022400
	18028544		18028544
	18031616		18031616
	18034688		18034688
	18037760		18037760
	18040832		18040832
	18043904		18043904
	18046976		18046976
	18050048		18050048
	18054144		18054144
	18057216		18057216
	18060288		18060288
	18063360		18063360
	18066432		18066432
	18070528		18070528
	18073600		18073600
	18076672		18076672
	18079744		18079744
	18082816		18082816
	18085888		18085888
	18088960		18088960
	18092032		18092032
	18095104		18095104
	18098176		18098176
	18101248		18101248
	18105344		18105344
	18108416		18108416
	18110464		18110464
	18114560		18114560
	18117632		18117632
	18120704		18120704
	18123776		18123776
	18126848		18126848
	18129920		18129920
	18132992		18132992
	18136064		18136064
	18140160		18140160
	18143232		18143232
	18146304		18146304
	18149376		18149376
	18152448		18152448
	18155520		18155520
	18158592		18158592
	18161664		18161664
	18164736		18164736
	18167808		18167808
	18171904		18171904
	18174976		18174976
	18178048		18178048
	18181120		18181120
	18184192		18184192
	18187264		18187264
	18190336		18190336
	18193408		18193408
	18196480		18196480
	18199552		18199552
	18202624		18202624
	18206720		18206720
	18208768		18208768
	18212864		18212864
	18229248		18229248
	18311168		18311168
	18390016		18390016
	18460672		18460672
	18494464		18494464
	18524160		18524160
	18587648		18587648
	18650112		18650112
	18711552		18711552
	18769920		18769920
	18832384		18832384
	18904064		18904064
	18976768		18976768
	19045376		19045376
	19117056		19117056
	19185664		19185664
	19254272		19254272
	19315712		19315712
	19378176		19378176
	19439616		19439616
	19501056		19501056
	19575808		19575808
	19645440		19645440
	19716096		19716096
	19792896		19792896
	19860480		19860480
	19929088		19929088
	19998720		19998720
	20069376		20069376
	20133888		20133888
	20199424		20199424
	20269056		20269056
	20332544		20332544
	20398080		20398080
	20461568		20461568
	20531200		20531200
	20551680		20551680
	20557824		20557824
	20561920		20561920
	20566016		20566016
	20571136		20571136
	20576256		20576256
	20580352		20580352
	20585472		20585472
	20589568		20589568
	20594688		20594688
	20598784		20598784
	20603904		20603904
	20608000		20608000
	20613120		20613120
	20618240		20618240
	20622336		20622336
	20627456		20627456
	20632576		20632576
	20636672		20636672
	20641792		20641792
	20645888		20645888
	20651008		20651008
	20655104		20655104
	20659200		20659200
	20664320		20664320
	20668416		20668416
	20673536		20673536
	20678656		20678656
	20682752		20682752
	20687872		20687872
	20691968		20691968
	20697088		20697088
	20701184		20701184
	20706304		20706304
	20711424		20711424
	20715520		20715520
	20720640		20720640
	20725760		20725760
	20729856		20729856
	20733952		20733952
	20739072		20739072
	20743168		20743168
	20748288		20748288
	20753408		20753408
	20757504		20757504
	20762624		20762624
	20766720		20766720
	20771840		20771840
	20775936		20775936
	20781056		20781056
	20785152		20785152
	20790272		20790272
	20795392		20795392
	20799488		20799488
	20803584		20803584
	20871168		20871168
	20885504		20885504
	20891648		20891648
	20895744		20895744
	20900864		20900864
	20905984		20905984
	20911104		20911104
	20915200		20915200
	20920320		20920320
	20980736		20980736
	21019648		21019648
	21086208		21086208
	21150720		21150720
	21215232		21215232
	21278720		21278720
	21345280		21345280
	21377024		21377024
	21402624		21402624
	21408768		21408768
	21414912		21414912
	21421056		21421056
	21426176		21426176
	21432320		21432320
	21438464		21438464
	21443584		21443584
	21482496		21482496
	21548032		21548032
	21613568		21613568
	21681152		21681152
	21760000		21760000
	21841920		21841920
	21916672		21916672
	21990400		21990400
	22059008		22059008
	22132736		22132736
	22217728		22217728
	22303744		22303744
	22372352		22372352
	22445056		22445056
	22513664		22513664
	22578176		22578176
	22648832		22648832
	22723584		22723584
	22765568		22765568
	22770688		22770688
	22776832		22776832
	22782976		22782976
	22789120		22789120
	22795264		22795264
	22801408		22801408
	22807552		22807552
	22813696		22813696
	22819840		22819840
	22825984		22825984
	22832128		22832128
	22838272		22838272
	22844416		22844416
	22850560		22850560
	22856704		22856704
	22862848		22862848
	22870016		22870016
	22876160		22876160
	22882304		22882304
	22888448		22888448
	22895616		22895616
	22901760		22901760
	22907904		22907904
	22914048		22914048
	22920192		22920192
	22926336		22926336
	22932480		22932480
	22938624		22938624
	22944768		22944768
	22950912		22950912
	22957056		22957056
	22963200		22963200
	22970368		22970368
	22975488		22975488
	22981632		22981632
	22988800		22988800
	22993920		22993920
	23001088		23001088
	23007232		23007232
	23013376		23013376
	23019520		23019520
	23025664		23025664
	23031808		23031808
	23037952		23037952
	23044096		23044096
	23050240		23050240
	23056384		23056384
	23062528		23062528
	23068672		23068672
	23074816		23074816
	23080960		23080960
	23087104		23087104
	23093248		23093248
	23099392		23099392
	23105536		23105536
	23112704		23112704
	23118848		23118848
	23124992		23124992
	23131136		23131136
	23137280		23137280
	23143424		23143424
	23149568		23149568
	23155712		23155712
	23161856		23161856
	23168000		23168000
	23174144		23174144
	23180288		23180288
	23186432		23186432
	23193600		23193600
	23199744		23199744
	23205888		23205888
	23212032		23212032
	23218176		23218176
	23224320		23224320
	23230464		23230464
	23236608		23236608
	23242752		23242752
	23248896		23248896
	23255040		23255040
	23262208		23262208
	23268352		23268352
	23274496		23274496
	23280640		23280640
	23286784		23286784
	23292928		23292928
	23299072		23299072
	23305216		23305216
	23311360		23311360
	23317504		23317504
	23323648		23323648
	23329792		23329792
	23335936		23335936
	23342080		23342080
	23348224		23348224
	23354368		23354368
	23360512		23360512
	23367680		23367680
	23373824		23373824
	23378944		23378944
	23385088		23385088
	23391232		23391232
	23397376		23397376
	23403520		23403520
	23409664		23409664
	23415808		23415808
	23421952		23421952
	23428096		23428096
	23435264		23435264
	23441408		23441408
	23447552		23447552
	23453696		23453696
	23493632		23493632
	23555072		23555072
	23638016		23638016
	23688192		23688192
	23694336		23694336
	23700480		23700480
	23707648		23707648
	23714816		23714816
	23721984		23721984
	23728128		23728128
	23735296		23735296
	23742464		23742464
	23748608		23748608
	23755776		23755776
	23762944		23762944
	23769088		23769088
	23836672		23836672
	23889920		23889920
	23907328		23907328
	23952384		23952384
	23997440		23997440
	24058880		24058880
	24116224		24116224
	24204288		24204288
	24266752		24266752
	24273920		24273920
	24282112		24282112
	24290304		24290304
	24297472		24297472
	24306688		24306688
	24313856		24313856
	24321024		24321024
	24330240		24330240
	24337408		24337408
	24345600		24345600
	24352768		24352768
	24360960		24360960
	24369152		24369152
	24376320		24376320
	24384512		24384512
	24392704		24392704
	24400896		24400896
	24409088		24409088
	24416256		24416256
	24424448		24424448
	24432640		24432640
	24440832		24440832
	24448000		24448000
	24456192		24456192
	24464384		24464384
	24472576		24472576
	24480768		24480768
	24488960		24488960
	24497152		24497152
	24504320		24504320
	24513536		24513536
	24520704		24520704
	24527872		24527872
	24537088		24537088
	24544256		24544256
	24552448		24552448
	24560640		24560640
	24567808		24567808
	24576000		24576000
	24584192		24584192
	24592384		24592384
	24600576		24600576
	24608768		24608768
	24616960		24616960
	24625152		24625152
	24632320		24632320
	24640512		24640512
	24648704		24648704
	24656896		24656896
	24665088		24665088
	24672256		24672256
	24680448		24680448
	24688640		24688640
	24763392		24763392
	24836096		24836096
	24915968		24915968
	24988672		24988672
	25062400		25062400
	25132032		25132032
	25202688		25202688
	25273344		25273344
	25349120		25349120
	25417728		25417728
	25492480		25492480
	25562112		25562112
	25632768		25632768
	25705472		25705472
	25774080		25774080
	25844736		25844736
	25920512		25920512
	26001408		26001408
	26068992		26068992
	26127360		26127360
	26169344		26169344
	26178560		26178560
	26186752		26186752
	26220544		26220544
	26306560		26306560
	26374144		26374144
	26382336		26382336
	26391552		26391552
	26399744		26399744
	26408960		26408960
	26418176		26418176
	26427392		26427392
	26435584		26435584
	26443776		26443776
	26452992		26452992
	26461184		26461184
	26470400		26470400
	26479616		26479616
	26525696		26525696
	26535936		26535936
	26545152		26545152
	26554368		26554368
	26563584		26563584
	26571776		26571776
	26582016		26582016
	26590208		26590208
	26599424		26599424
	26608640		26608640
	26617856		26617856
	26627072		26627072
	26636288		26636288
	26646528		26646528
	26654720		26654720
	26663936		26663936
	26673152		26673152
	26682368		26682368
	26690560		26690560
	26699776		26699776
	26708992		26708992
	26719232		26719232
	26727424		26727424
	26736640		26736640
	26745856		26745856
	26755072		26755072
	26764288		26764288
	26773504		26773504
	26783744		26783744
	26791936		26791936
	26801152		26801152
	26811392		26811392
	26819584		26819584
	26829824		26829824
	26839040		26839040
	26848256		26848256
	26857472		26857472
	26866688		26866688
	26875904		26875904
	26885120		26885120
	26894336		26894336
	26903552		26903552
	26912768		26912768
	26921984		26921984
	26932224		26932224
	26941440		26941440
	26950656		26950656
	26959872		26959872
	26969088		26969088
	26977280		26977280
	26986496		26986496
	26995712		26995712
	27005952		27005952
	27015168		27015168
	27024384		27024384
	27033600		27033600
	27042816		27042816
	27052032		27052032
	27061248		27061248
	27069440		27069440
	27079680		27079680
	27088896		27088896
	27097088		27097088
	27106304		27106304
	27115520		27115520
	27124736		27124736
	27133952		27133952
	27143168		27143168
	27153408		27153408
	27162624		27162624
	27170816		27170816
	27180032		27180032
	27188224		27188224
	27197440		27197440
	27207680		27207680
	27215872		27215872
	27225088		27225088
	27234304		27234304
	27243520		27243520
	27253760		27253760
	27261952		27261952
	27271168		27271168
	27280384		27280384
	27289600		27289600
	27298816		27298816
	27308032		27308032
	27317248		27317248
	27326464		27326464
	27335680		27335680
	27344896		27344896
	27354112		27354112
	27362304		27362304
	27372544		27372544
	27381760		27381760
	27389952		27389952
	27399168		27399168
	27408384		27408384
	27417600		27417600
	27426816		27426816
	27436032		27436032
	27444224		27444224
	27453440		27453440
	27462656		27462656
	27471872		27471872
	27481088		27481088
	27490304		27490304
	27499520		27499520
	27508736		27508736
	27517952		27517952
	27527168		27527168
	27536384		27536384
	27545600		27545600
	27553792		27553792
	27563008		27563008
	27572224		27572224
	27581440		27581440
	27590656		27590656
	27599872		27599872
	27609088		27609088
	27618304		27618304
	27627520		27627520
	27636736		27636736
	27645952		27645952
	27655168		27655168
	27664384		27664384
	27673600		27673600
	27682816		27682816
	27692032		27692032
	27701248		27701248
	27710464		27710464
	27719680		27719680
	27728896		27728896
	27738112		27738112
	27747328		27747328
	27755520		27755520
	27765760		27765760
	27773952		27773952
	27783168		27783168
	27792384		27792384
	27801600		27801600
	27810816		27810816
	27820032		27820032
	27829248		27829248
	27838464		27838464
	27847680		27847680
	27856896		27856896
	27866112		27866112
	27875328		27875328
	27885568		27885568
	27893760		27893760
	27902976		27902976
	27912192		27912192
	27921408		27921408
	27930624		27930624
	27939840		27939840
	27948032		27948032
	27957248		27957248
	27966464		27966464
	27975680		27975680
	27984896		27984896
	27994112		27994112
	28003328		28003328
	28011520		28011520
	28020736		28020736
	28029952		28029952
	28039168		28039168
	28048384		28048384
	28057600		28057600
	28066816		28066816
	28076032		28076032
	28085248		28085248
	28093440		28093440
	28103680		28103680
	28111872		28111872
	28121088		28121088
	28130304		28130304
	28140544		28140544
	28149760		28149760
	28158976		28158976
	28168192		28168192
	28178432		28178432
	28186624		28186624
	28195840		28195840
	28205056		28205056
	28214272		28214272
	28223488		28223488
	28232704		28232704
	28241920		28241920
	28251136		28251136
	28260352		28260352
	28268544		28268544
	28278784		28278784
	28288000		28288000
	28296192		28296192
	28306432		28306432
	28315648		28315648
	28324864		28324864
	28334080		28334080
	28342272		28342272
	28351488		28351488
	28360704		28360704
	28369920		28369920
	28379136		28379136
	28388352		28388352
	28397568		28397568
	28406784		28406784
	28416000		28416000
	28425216		28425216
	28434432		28434432
	28443648		28443648
	28452864		28452864
	28461056		28461056
	28471296		28471296
	28480512		28480512
	28489728		28489728
	28497920		28497920
	28508160		28508160
	28517376		28517376
	28525568		28525568
	28534784		28534784
	28544000		28544000
	28553216		28553216
	28561408		28561408
	28570624		28570624
	28579840		28579840
	28589056		28589056
	28598272		28598272
	28607488		28607488
	28615680		28615680
	28624896		28624896
	28634112		28634112
	28643328		28643328
	28654592		28654592
	28663808		28663808
	28673024		28673024
	28682240		28682240
	28691456		28691456
	28700672		28700672
	28723200		28723200
	28811264		28811264
	28899328		28899328
	28988416		28988416
	29076480		29076480
	29092864		29092864
	29102080		29102080
	29112320		29112320
	29113344		29113344
	29113344		29113344
	29113344		29113344
