    used(bytes)     free(bytes)    available(bytes)   percent(%)
	8349839360		 1952804864			7974719488		53.6
	8350842880		 1934835712			7973625856		53.6
	8403595264		 1915723776			7920455680		53.9
	8394915840		 1928720384			7928823808		53.8
	8355237888		 1929859072			7969419264		53.6
	8354070528		 1929777152			7970590720		53.6
	8353890304		 1929531392			7970496512		53.6
	8350625792		 1938694144			7973498880		53.6
	8349888512		 1937645568			7974858752		53.6
	8341839872		 1951244288			7983001600		53.5
	8354750464		 1925484544			7970652160		53.6
	8353193984		 1927213056			7971368960		53.6
	8387035136		 1916973056			7937433600		53.8
	8375320576		 1940193280			7949627392		53.7
	8373231616		 1941045248			7952240640		53.7
	8364875776		 1917067264			7959703552		53.7
	8364552192		 1918578688			7960543232		53.7
	8365568000		 1918435328			7959818240		53.7
	8366227456		 1920618496			7958355968		53.7
	8356327424		 1939337216			7968743424		53.6
	8358813696		 1935462400			7966425088		53.6
	8356110336		 1934635008			7968845824		53.6
	8357507072		 1931456512			7967526912		53.6
	8393773056		 1909100544			7930933248		53.8
	8394248192		 1907699712			7930650624		53.8
	8375910400		 1900969984			7949099008		53.7
	8369786880		 1909190656			7955206144		53.7
	8359452672		 1925996544			7965097984		53.6
	8403828736		 1845800960			7921266688		53.9
	8403349504		 1846448128			7921889280		53.9
	8402321408		 1846132736			7922991104		53.9
	8388423680		 1869975552			7935877120		53.8
	8395571200		 1869828096			7928999936		53.8
	8133001216		 2433060864			8207564800		52.2
	8170676224		 2397274112			8170139648		52.4
	8167882752		 2400686080			8173047808		52.4
	8146911232		 2406723584			8193699840		52.3
	8382885888		 1988321280			7958585344		53.7
	8370434048		 1998393344			7970623488		53.6
	8311758848		 2007674880			8029712384		53.3
	8301658112		 2018238464			8039743488		53.2
	8273195008		 2046865408			8068386816		53.0
	8321372160		 2003304448			8019783680		53.3
	8316891136		 2009636864			8023912448		53.3
	8346402816		 1949523968			7994908672		53.5
	8347463680		 1942220800			7993761792		53.5
	8360296448		 1922043904			7980896256		53.5
	8324063232		 1994084352			8017321984		53.3
	8307163136		 2011557888			8034267136		53.2
	8325230592		 2000715776			8015855616		53.3
	8299888640		 2031972352			8041615360		53.2
	8305266688		 2020995072			8036175872		53.2
	8322985984		 2002690048			8019177472		53.3
	8302985216		 2022948864			8038064128		53.2
	8325337088		 2000715776			8015790080		53.3
	8329392128		 1986486272			8012025856		53.4
	8366583808		 1990000640			7975055360		53.6
	8285782016		 2075676672			8057081856		53.1
	8286064640		 2074648576			8056877056		53.1
	7139069952		 4590891008			10039455744		41.6
	7603687424		 3667099648			9575305216		44.3
	7628029952		 3642101760			9551065088		44.4
	7661256704		 3609100288			9517436928		44.6
	7662772224		 3607748608			9516257280		44.6
	7676030976		 3593007104			9502953472		44.7
	7645560832		 3592818688			9533509632		44.5
	7629361152		 3599843328			9549623296		44.4
	7658094592		 3585728512			9521139712		44.6
	7639121920		 3605151744			9540067328		44.5
	7651704832		 3588362240			9527480320		44.5
	7691702272		 3593175040			9487118336		44.8
	7687270400		 3597373440			9491275776		44.8
	7660761088		 3610423296			9518022656		44.6
	8887799808		 1194377216			8291074048		51.7
	8930766848		 1155518464			8247824384		52.0
	8925405184		 1171587072			8253788160		52.0
	9096781824		 904327168			8081920000		53.0
	9335894016		 416325632			7842574336		54.4
	9285603328		 445263872			7893118976		54.1
	9251717120		 462102528			7926591488		53.9
	9248849920		 463081472			7929798656		53.8
	9239760896		 476622848			7939182592		53.8
	9247559680		 459104256			7931293696		53.8
	9247158272		 461160448			7931691008		53.8
	9331675136		 357982208			7847247872		54.3
	9344106496		 340848640			7834238976		54.4
	9293914112		 382730240			7884972032		54.1
	9272025088		 388931584			7906828288		54.0
	9283338240		 374423552			7895756800		54.0
	9309138944		 327901184			7869550592		54.2
	9332711424		 293273600			7846187008		54.3
	9305907200		 342921216			7872983040		54.2
	9301110784		 343248896			7877976064		54.1
	9320525824		 362491904			7858167808		54.3
	9343553536		 375091200			7835254784		54.4
	9323720704		 382316544			7855284224		54.3
	9305026560		 365207552			7873814528		54.2
	9298513920		 373571584			7880310784		54.1
	9285652480		 380002304			7893684224		54.1
	9302228992		 400916480			7876620288		54.2
	9294635008		 404971520			7884312576		54.1
	9327333376		 352223232			7851384832		54.3
	9303629824		 360771584			7875035136		54.2
	9294090240		 359878656			7884546048		54.1
	9296269312		 359854080			7882170368		54.1
	9297362944		 359796736			7881613312		54.1
	9352417280		 305766400			7826579456		54.4
	9375358976		 292073472			7802941440		54.6
	9391460352		 311615488			7787024384		54.7
	9408192512		 296124416			7770882048		54.8
	9357242368		 313442304			7821582336		54.5
	9342574592		 300580864			7836377088		54.4
	9318502400		 325824512			7859625984		54.3
	9318883328		 326201344			7859978240		54.2
	9355694080		 299843584			7822979072		54.5
	9361145856		 291196928			7817740288		54.5
	9382166528		 218677248			7796584448		54.6
	9338712064		 289054720			7840743424		54.4
	9389752320		 241692672			7789060096		54.7
	9465618432		 201789440			7713046528		55.1
	9462366208		 180563968			7716847616		55.1
	9445068800		 184266752			7734317056		55.0
	9505603584		 129765376			7673384960		55.3
	9476554752		 152875008			7702372352		55.2
	9488220160		 161058816			7690911744		55.2
	9462579200		 186482688			7715549184		55.1
	9443237888		 157822976			7735341056		55.0
	9453961216		 146747392			7724597248		55.0
	9423773696		 139853824			7755444224		54.9
	9409011712		 166014976			7770234880		54.8
	9392328704		 182509568			7786336256		54.7
	9394438144		 178298880			7784886272		54.7
	9379610624		 207859712			7798882304		54.6
	9379610624		 208326656			7799259136		54.6
	9380147200		 207265792			7798661120		54.6
	9382699008		 217423872			7796166656		54.6
	9444626432		 140140544			7733981184		55.0
	9434046464		 147369984			7744720896		54.9
	9463873536		 115970048			7715057664		55.1
	9477279744		 144117760			7701835776		55.2
	9444831232		 165294080			7734231040		55.0
	9431871488		 184479744			7746859008		54.9
	9420185600		 201875456			7758307328		54.8
	9403834368		 230133760			7775272960		54.7
	9373556736		 242348032			7805546496		54.6
	9376796672		 241831936			7801737216		54.6
	9383821312		 239464448			7795032064		54.6
	9378045952		 244121600			7800414208		54.6
	9377968128		 241004544			7800586240		54.6
	9389039616		 223162368			7789998080		54.7
	9387208704		 220164096			7792152576		54.6
	9388462080		 217169920			7790104576		54.7
	9390780416		 213446656			7788490752		54.7
	9386115072		 222777344			7792795648		54.6
	9382625280		 231542784			7796314112		54.6
	9418473472		 176513024			7761043456		54.8
	9427750912		 154320896			7750725632		54.9
	9492062208		 42635264			7686938624		55.3
	9488789504		 51531776			7690080256		55.2
	9478426624		 57921536			7700684800		55.2
	9444761600		 55373824			7733686272		55.0
	9455861760		 38449152			7722942464		55.0
	9494138880		 58568704			7685316608		55.3
	9520402432		 37842944			7658586112		55.4
	9515323392		 79507456			7663288320		55.4
	9476890624		 122650624			7701585920		55.2
	9438797824		 142794752			7740047360		54.9
	9420980224		 136593408			7758168064		54.8
	9400594432		 141336576			7778168832		54.7
	9509089280		 38514688			7669915648		55.4
	9506607104		 41185280			7671832576		55.3
	9482067968		 73609216			7696961536		55.2
	9470324736		 59760640			7708729344		55.1
	9457008640		 48594944			7721684992		55.1
	9453150208		 49258496			7725649920		55.0
	9445355520		 65916928			7733141504		55.0
	9445588992		 67108864			7733932032		55.0
	9442873344		 71049216			7736557568		55.0
	9432907776		 71782400			7745392640		54.9
	9438789632		 71270400			7740080128		54.9
	9464381440		 40452096			7714357248		55.1
	9486561280		 26103808			7691988992		55.2
	9454731264		 59420672			7724294144		55.0
	9452515328		 57585664			7725858816		55.0
	9446707200		 54562816			7732232192		55.0
	9460781056		 40255488			7717814272		55.1
	9428242432		 161099776			7751069696		54.9
	9420345344		 168058880			7757852672		54.8
	9408409600		 174198784			7770345472		54.8
	9429131264		 171429888			7749242880		54.9
	9432535040		 168042496			7745900544		54.9
	9409466368		 169279488			7769419776		54.8
	9395851264		 168882176			7782617088		54.7
	9383190528		 172347392			7795777536		54.6
	9391009792		 158715904			7788199936		54.7
	9387171840		 159285248			7791788032		54.6
	9379405824		 171012096			7799390208		54.6
	9373855744		 203644928			7804928000		54.6
	9374810112		 203030528			7804436480		54.6
	9381556224		 194527232			7797350400		54.6
	9376391168		 203145216			7802515456		54.6
	9375002624		 210628608			7804358656		54.6
	9376686080		 209063936			7802081280		54.6
	9381126144		 204869632			7797874688		54.6
	9383796736		 201846784			7795363840		54.6
	9386237952		 192737280			7792685056		54.6
	9379004416		 198934528			7799570432		54.6
	9377411072		 198455296			7801413632		54.6
	9369247744		 214941696			7809433600		54.5
	9369915392		 214839296			7808913408		54.5
	9360584704		 214499328			7818153984		54.5
	9370697728		 212717568			7807639552		54.6
	9393586176		 179073024			7785639936		54.7
	9382998016		 192028672			7796015104		54.6
	9378668544		 190103552			7800188928		54.6
	9395044352		 162082816			7783559168		54.7
	9438928896		 107716608			7740018688		54.9
	9436610560		 110239744			7741829120		54.9
	9458626560		 86040576			7720206336		55.1
	9437130752		 99790848			7741468672		54.9
	9434796032		 98144256			7743926272		54.9
	9426112512		 100950016			7751991296		54.9
	9426034688		 106917888			7753031680		54.9
	9424060416		 108498944			7754227712		54.9
	9424154624		 108863488			7754653696		54.9
	9423577088		 109563904			7755546624		54.9
	9468186624		 58646528			7710433280		55.1
	9439911936		 92807168			7738454016		55.0
	9447886848		 81940480			7731232768		55.0
	9429311488		 80224256			7749287936		54.9
	9416880128		 95993856			7761584128		54.8
	9416146944		 99229696			7763197952		54.8
	9415979008		 99139584			7762767872		54.8
	9415151616		 99987456			7763734528		54.8
	9415061504		 99762176			7763722240		54.8
	9407762432		 107597824			7770968064		54.8
	9407684608		 107397120			7770992640		54.8
	9426497536		 88588288			7752339456		54.9
	9429991424		 84340736			7748608000		54.9
	9422614528		 95121408			7755833344		54.9
	9454497792		 32391168			7724503040		55.0
	9452064768		 35110912			7727005696		55.0
	9485664256		 51236864			7692599296		55.2
	9461854208		 114839552			7716581376		55.1
	9423728640		 139886592			7755882496		54.9
	9391484928		 164335616			7787528192		54.7
	9414594560		 154718208			7764762624		54.8
	9407049728		 161980416			7771840512		54.8
	9405374464		 146210816			7774154752		54.7
	9397833728		 153100288			7780487168		54.7
	9399541760		 148713472			7779274752		54.7
	9390305280		 167993344			7788593152		54.7
	9413869568		 124567552			7765012480		54.8
	9398218752		 138002432			7780593664		54.7
	9457561600		 25772032			7721857024		55.1
	9452122112		 43810816			7727099904		55.0
	9451876352		 36192256			7726669824		55.0
	9406672896		 122732544			7772123136		54.8
	9409941504		 123793408			7769427968		54.8
	9417146368		 109850624			7762362368		54.8
	9408303104		 128987136			7770345472		54.8
	9404469248		 135266304			7774044160		54.7
	9410789376		 139792384			7767773184		54.8
	9404600320		 145506304			7774056448		54.7
	9403371520		 147755008			7775334400		54.7
	9394020352		 159440896			7784652800		54.7
	9394114560		 159268864			7784726528		54.7
	9392988160		 160681984			7785889792		54.7
	9404051456		 152522752			7774461952		54.7
	9401819136		 154533888			7776894976		54.7
	9417826304		 132227072			7761317888		54.8
	9413541888		 131854336			7764901888		54.8
	9408835584		 131985408			7770202112		54.8
	9409740800		 141443072			7768834048		54.8
	9400946688		 152715264			7777853440		54.7
	9396580352		 153145344			7782522880		54.7
	9407119360		 137375744			7772119040		54.8
	9428987904		 105816064			7750025216		54.9
	9410068480		 133996544			7768592384		54.8
	9416994816		 124702720			7761338368		54.8
	9404932096		 143011840			7774031872		54.7
	9413140480		 126099456			7765934080		54.8
	9410781184		 126603264			7768141824		54.8
	9392943104		 154296320			7786061824		54.7
	9381076992		 171794432			7797620736		54.6
	9393303552		 160505856			7785603072		54.7
	9386336256		 167522304			7792529408		54.6
	9441312768		 112955392			7737561088		55.0
	9410969600		 146579456			7767339008		54.8
	9361137664		 233398272			7817207808		54.5
	9355636736		 232620032			7823953920		54.5
	9365090304		 208224256			7813668864		54.5
	9448574976		 144388096			7729991680		55.0
	9420226560		 171814912			7758897152		54.8
	9401245696		 177373184			7777845248		54.7
	9389617152		 200196096			7789248512		54.7
	9389096960		 199573504			7789793280		54.7
	9384706048		 198561792			7793844224		54.6
	9348972544		 280367104			7830007808		54.4
	9348911104		 280555520			7830351872		54.4
	9344131072		 279478272			7834423296		54.4
	9370591232		 237105152			7808286720		54.5
	9387859968		 203923456			7791357952		54.6
	9398288384		 184856576			7781015552		54.7
	9451749376		 109449216			7727251456		55.0
	9423900672		 137666560			7754645504		54.9
	9516056576		 60420096			7662755840		55.4
	9442598912		 150470656			7736270848		55.0
	9414676480		 179183616			7764164608		54.8
	9429696512		 139284480			7749099520		54.9
	9377382400		 235372544			7802073088		54.6
	9351200768		 266960896			7827415040		54.4
	9349619712		 267001856			7828914176		54.4
	9345355776		 248938496			7833579520		54.4
	9345474560		 249171968			7833432064		54.4
	9320759296		 307462144			7858040832		54.3
	9423945728		 249061376			7755264000		54.9
	9406251008		 291360768			7772643328		54.8
	9371652096		 319635456			7807070208		54.6
	9306431488		 324358144			7872188416		54.2
	9302679552		 328175616			7875776512		54.2
	9425408000		 127242240			7753003008		54.9
	9431134208		 129507328			7747874816		54.9
	9406894080		 147566592			7771770880		54.8
	9411768320		 178491392			7766990848		54.8
	9362329600		 229343232			7816843264		54.5
	9440141312		 141242368			7738818560		55.0
	9389580288		 200310784			7788740608		54.7
	9379078144		 208228352			7799771136		54.6
	9374306304		 208355328			7804313600		54.6
	9357168640		 219664384			7821619200		54.5
	9358295040		 217653248			7819907072		54.5
	9310134272		 316641280			7868424192		54.2
	9309286400		 317063168			7869419520		54.2
	9411502080		 189145088			7767437312		54.8
	9401679872		 171606016			7777165312		54.7
	9387442176		 196202496			7792136192		54.6
	9376477184		 206532608			7802302464		54.6
	9356730368		 234397696			7822946304		54.5
	9354772480		 230166528			7823851520		54.5
	9346150400		 230457344			7832444928		54.4
	9307336704		 326606848			7871270912		54.2
	9304248320		 331808768			7874494464		54.2
	9308884992		 324653056			7870083072		54.2
	9308446720		 323727360			7870504960		54.2
	9303646208		 330833920			7875149824		54.2
	9301225472		 331317248			7877312512		54.1
	9307529216		 326590464			7871811584		54.2
	9354612736		 237162496			7824392192		54.5
	9343885312		 244912128			7834656768		54.4
	9345220608		 242290688			7833800704		54.4
	9304260608		 319918080			7874011136		54.2
	9305100288		 319881216			7873646592		54.2
	9296650240		 344535040			7882027008		54.1
	9296777216		 344133632			7882051584		54.1
	9305112576		 331018240			7873339392		54.2
	9288179712		 351125504			7890386944		54.1
	9297776640		 333582336			7880982528		54.1
	9299333120		 331485184			7879573504		54.1
	9308934144		 317984768			7869812736		54.2
	9297469440		 335835136			7881801728		54.1
	9304883200		 328708096			7874564096		54.2
	9299243008		 333651968			7879237632		54.1
	9301299200		 339234816			7877357568		54.1
	9292062720		 347889664			7886815232		54.1
	9290698752		 347676672			7888093184		54.1
	9291702272		 346591232			7887413248		54.1
	9294295040		 344416256			7884636160		54.1
	9314566144		 313708544			7863730176		54.2
	9312686080		 315015168			7866388480		54.2
	9305202688		 320737280			7873445888		54.2
	9293176832		 342605824			7884951552		54.1
	9293860864		 342249472			7884410880		54.1
	9293778944		 342671360			7884976128		54.1
	9292693504		 343392256			7885721600		54.1
	9293053952		 342708224			7885664256		54.1
	9293672448		 342441984			7885262848		54.1
	9293680640		 342716416			7885438976		54.1
	9303711744		 323592192			7874768896		54.2
	9307693056		 318619648			7870722048		54.2
	9308082176		 318799872			7870930944		54.2
	9305280512		 321323008			7873445888		54.2
	9287311360		 338649088			7891640320		54.1
	9290047488		 335560704			7889367040		54.1
	9289469952		 334934016			7889215488		54.1
	9293410304		 328187904			7885574144		54.1
	9303146496		 327557120			7876206592		54.2
	9394106368		 206909440			7784529920		54.7
	9350627328		 247582720			7827968000		54.4
	9368690688		 218763264			7810428928		54.5
	9357430784		 229867520			7821062144		54.5
	9386479616		 198692864			7793172480		54.6
	9382268928		 202510336			7796170752		54.6
	9362571264		 230711296			7816646656		54.5
	9357852672		 238911488			7820967936		54.5
	9412964352		 208322560			7765913600		54.8
	9422323712		 211222528			7756759040		54.8
	9384263680		 227893248			7794606080		54.6
	9382281216		 213860352			7796260864		54.6
	9372901376		 228024320			7806283776		54.6
	9427111936		 195137536			7751925760		54.9
	9454424064		 195813376			7724916736		55.0
	9414180864		 201912320			7764750336		54.8
	9375899648		 208539648			7802970112		54.6
	9364299776		 226705408			7814733824		54.5
	9374683136		 221253632			7804198912		54.6
	9358798848		 240508928			7819755520		54.5
	9354166272		 242978816			7824941056		54.5
	9367060480		 230514688			7811690496		54.5
	9353846784		 245014528			7824789504		54.5
	9363726336		 239415296			7815237632		54.5
	9369239552		 231501824			7809511424		54.5
	9350664192		 230371328			7828021248		54.4
	9389170688		 155992064			7789748224		54.7
	9388859392		 148180992			7789948928		54.7
	9359765504		 209080320			7818903552		54.5
	9351839744		 259067904			7826890752		54.4
	9346142208		 267284480			7832961024		54.4
	9322864640		 290484224			7856082944		54.3
	9303351296		 296181760			7875874816		54.2
	9303584768		 295407616			7875088384		54.2
	9357852672		 207646720			7821455360		54.5
	9370525696		 190287872			7808831488		54.5
	9364721664		 184336384			7814516736		54.5
	9315430400		 276230144			7863812096		54.2
	9305313280		 290455552			7873404928		54.2
	9300627456		 315973632			7877971968		54.1
	9298509824		 322027520			7880462336		54.1
	9299132416		 320770048			7879536640		54.1
	9299263488		 320552960			7879348224		54.1
	9299562496		 320344064			7879024640		54.1
	9291390976		 320266240			7887368192		54.1
	9295536128		 320024576			7883149312		54.1
	9303089152		 301015040			7875514368		54.2
	9308233728		 297406464			7870513152		54.2
	9307414528		 290217984			7871459328		54.2
	9302298624		 307142656			7876509696		54.2
	9302724608		 306749440			7875911680		54.2
	9299161088		 306835456			7879221248		54.1
	9300226048		 305922048			7878483968		54.1
	9305751552		 300261376			7872634880		54.2
	9305608192		 305328128			7873032192		54.2
	9307000832		 304463872			7872032768		54.2
	9299939328		 313708544			7878496256		54.1
	9312677888		 295792640			7866617856		54.2
	9305939968		 295477248			7872983040		54.2
	9310613504		 292339712			7867953152		54.2
	9299742720		 313655296			7878209536		54.1
	9302536192		 314036224			7876841472		54.2
	9304825856		 313262080			7874154496		54.2
	9344180224		 246919168			7835111424		54.4
	9343631360		 245846016			7835312128		54.4
	9339965440		 244178944			7838461952		54.4
	9341227008		 242237440			7837724672		54.4
	9317781504		 252612608			7860830208		54.2
	9317347328		 252186624			7861383168		54.2
	9317535744		 251805696			7860940800		54.2
	9318023168		 252125184			7861293056		54.2
	9308356608		 268496896			7870345216		54.2
	9308278784		 268804096			7870648320		54.2
	9308549120		 268234752			7870406656		54.2
	9308360704		 268144640			7870226432		54.2
	9307652096		 270102528			7871279104		54.2
	9318842368		 268967936			7860416512		54.2
	9316704256		 270323712			7863005184		54.2
	9327120384		 241664000			7851524096		54.3
	9326297088		 242843648			7852552192		54.3
	9323417600		 248197120			7855271936		54.3
	9320865792		 253292544			7857692672		54.3
	9318731776		 258863104			7860121600		54.2
	9314906112		 263655424			7863660544		54.2
	9314811904		 263094272			7863341056		54.2
	9325305856		 249860096			7853756416		54.3
	9315221504		 262356992			7862890496		54.2
	9319514112		 256180224			7859183616		54.3
	9323302912		 254365696			7855239168		54.3
	9445711872		 173371392			7732883456		55.0
	9420431360		 213803008			7758200832		54.8
	9391697920		 219967488			7787044864		54.7
	9381228544		 221519872			7797903360		54.6
	9373577216		 242073600			7805394944		54.6
	9375932416		 226095104			7803084800		54.6
	9366712320		 242843648			7812284416		54.5
	9474781184		 112635904			7703744512		55.2
	9555263488		 14544896			7623540736		55.6
	9514688512		 47861760			7664406528		55.4
	9510391808		 18554880			7668297728		55.4
	9497833472		 33001472			7680966656		55.3
	9491943424		 14815232			7686582272		55.3
	9451618304		 69406720			7726981120		55.0
	9443885056		 48173056			7734644736		55.0
	9514110976		 31105024			7664832512		55.4
	9515966464		 34197504			7662845952		55.4
	9410273280		 126091264			7768453120		54.8
	9399762944		 130375680			7778758656		54.7
	9443926016		 129765376			7735205888		55.0
	9430310912		 151863296			7748263936		54.9
	9409294336		 144654336			7769030656		54.8
	9417986048		 127557632			7760830464		54.8
	9425838080		 112967680			7753285632		54.9
	9486712832		 39723008			7691997184		55.2
	9541812224		 37236736			7637086208		55.5
	9534681088		 106758144			7644479488		55.5
	9454247936		 147058688			7724814336		55.0
	9383772160		 166068224			7794929664		54.6
	9380474880		 165941248			7798177792		54.6
	9389748224		 151728128			7789121536		54.7
	9375756288		 170573824			7803084800		54.6
	9375956992		 171790336			7802609664		54.6
	9383297024		 156979200			7795453952		54.6
	9383411712		 157401088			7795793920		54.6
	9393532928		 142995456			7785750528		54.7
	9369112576		 179040256			7809490944		54.5
	9369325568		 179236864			7809478656		54.5
	9368858624		 180662272			7809789952		54.5
	9369219072		 180809728			7809744896		54.5
	9369247744		 180977664			7809912832		54.5
	9365901312		 183934976			7812726784		54.5
	9374588928		 177500160			7804272640		54.6
	9371447296		 180412416			7807545344		54.6
	9389465600		 148316160			7789625344		54.7
	9388400640		 149667840			7790370816		54.7
	9386127360		 149430272			7792521216		54.6
	9374154752		 174563328			7804657664		54.6
	9373335552		 175202304			7805153280		54.6
	9376378880		 173764608			7802552320		54.6
	9372295168		 177582080			7806222336		54.6
	9367490560		 179044352			7810871296		54.5
	9304956928		 377638912			7873990656		54.2
	9291796480		 402034688			7887265792		54.1
	9467535360		 82251776			7711100928		55.1
	9477697536		 54792192			7701495808		55.2
	9422073856		 80343040			7756877824		54.8
	9384378368		 147755008			7794421760		54.6
	9374625792		 165642240			7804923904		54.6
	9370927104		 184946688			7808180224		54.6
	9360539648		 196177920			7818338304		54.5
	9353678848		 200318976			7824842752		54.5
	9351254016		 200683520			7827800064		54.4
	9352335360		 203603968			7826853888		54.4
	9354145792		 200990720			7824793600		54.5
	9349488640		 205897728			7829135360		54.4
	9360785408		 182226944			7817768960		54.5
	9370255360		 167993344			7808008192		54.6
	9366446080		 172613632			7812329472		54.5
	9361571840		 188104704			7817207808		54.5
	9352929280		 199974912			7826575360		54.4
	9350610944		 201986048			7827886080		54.4
	9352011776		 205033472			7826661376		54.4
	9346805760		 210006016			7831576576		54.4
	9366654976		 195190784			7812141056		54.5
	9363251200		 201261056			7815028736		54.5
	9382297600		 180748288			7796801536		54.6
	9437605888		 145301504			7741173760		54.9
	9448722432		 147218432			7730077696		55.0
	9386860544		 145756160			7791521792		54.6
	9369313280		 165044224			7809794048		54.5
	9355841536		 195035136			7823237120		54.5
	9360023552		 199856128			7818518528		54.5
	9359683584		 200626176			7819644928		54.5
	9430974464		 68694016			7747829760		54.9
	9420349440		 86777856			7758692352		54.8
	9433686016		 63123456			7745196032		54.9
	9383882752		 159756288			7794847744		54.6
	9383907328		 159162368			7794569216		54.6
	9372798976		 179736576			7805984768		54.6
	9381183488		 178225152			7797583872		54.6
	9366126592		 198512640			7812608000		54.5
	9362219008		 200523776			7816605696		54.5
	9360449536		 201342976			7818268672		54.5
	9372348416		 188436480			7806181376		54.6
	9363709952		 198180864			7815045120		54.5
	9362276352		 199290880			7816314880		54.5
	9362010112		 199036928			7816753152		54.5
	9370263552		 179777536			7808577536		54.5
	9365680128		 189480960			7813447680		54.5
	9366876160		 187826176			7811731456		54.5
	9377853440		 177049600			7800905728		54.6
	9369944064		 192704512			7809482752		54.5
	9362337792		 194940928			7816687616		54.5
	9362694144		 194772992			7816278016		54.5
	9360752640		 198361088			7817797632		54.5
	9356451840		 203603968			7822610432		54.5
	9376075776		 183271424			7802482688		54.6
	9362575360		 198774784			7815864320		54.5
	9378279424		 174284800			7800750080		54.6
	9377533952		 174538752			7801348096		54.6
	9372184576		 179515392			7806754816		54.6
	9369509888		 190849024			7809318912		54.5
	9367937024		 194228224			7811325952		54.5
	9375019008		 187191296			7803748352		54.6
	9369792512		 190558208			7809138688		54.5
	9368465408		 191815680			7810375680		54.5
	9384468480		 171913216			7793950720		54.6
	9497632768		 18976768			7680765952		55.3
	9492094976		 35692544			7686950912		55.3
	9475063808		 37343232			7703539712		55.2
	9442471936		 44912640			7736762368		55.0
	9443467264		 44478464			7735599104		55.0
	9453821952		 31150080			7724924928		55.0
	9435660288		 53694464			7743344640		54.9
	9433407488		 56475648			7745155072		54.9
	9426776064		 67526656			7752015872		54.9
	9482915840		 49197056			7696162816		55.2
	9545617408		 31100928			7633526784		55.6
	9507323904		 57700352			7671468032		55.3
	9427922944		 66490368			7750664192		54.9
	9427550208		 57700352			7751069696		54.9
	9449115648		 31973376			7729737728		55.0
	9425358848		 62050304			7753351168		54.9
	9412407296		 77705216			7766855680		54.8
	9374404608		 153079808			7804100608		54.6
	9396891648		 128733184			7782006784		54.7
	9393229824		 133177344			7785676800		54.7
	9389162496		 136790016			7789731840		54.7
	9382293504		 153382912			7796625408		54.6
	9379135488		 156790784			7799590912		54.6
	9385340928		 149389312			7793274880		54.6
	9423273984		 97878016			7755362304		54.9
	9414062080		 108310528			7764787200		54.8
	9409069056		 112742400			7769542656		54.8
	9396355072		 131620864			7782055936		54.7
	9400971264		 120983552			7778095104		54.7
	9426481152		 86855680			7752876032		54.9
	9413591040		 102563840			7765123072		54.8
	9409429504		 106459136			7769124864		54.8
	9416982528		 97284096			7761522688		54.8
	9415380992		 101064704			7763824640		54.8
	9436037120		 68345856			7743287296		54.9
	9432064000		 68452352			7746502656		54.9
	9423716352		 74567680			7755333632		54.9
	9424363520		 72777728			7754403840		54.9
	9419444224		 84348928			7759319040		54.8
	9443303424		 58490880			7735631872		55.0
	9472503808		 56225792			7706497024		55.1
	9459924992		 86245376			7718899712		55.1
	9402851328		 119226368			7775883264		54.7
	9388281856		 128212992			7790583808		54.7
	9396232192		 153452544			7782535168		54.7
	9414758400		 137220096			7763988480		54.8
	9381715968		 142405632			7796781056		54.6
	9378136064		 160354304			7800176640		54.6
	9430425600		 51351552			7747792896		54.9
	9427144704		 52596736			7751860224		54.9
	9399377920		 79085568			7779241984		54.7
	9361948672		 119042048			7816843264		54.5
	9340813312		 151015424			7837499392		54.4
	9342001152		 150728704			7836205056		54.4
	9338982400		 157483008			7840034816		54.4
	9346953216		 160018432			7831834624		54.4
	9370288128		 140095488			7808073728		54.6
	9402802176		 81158144			7775944704		54.7
	9420857344		 45899776			7757447168		54.8
	9416990720		 46215168			7762128896		54.8
	9406791680		 55750656			7771922432		54.8
	9378856960		 104030208			7800528896		54.6
	9380675584		 102469632			7798370304		54.6
	9409757184		 73093120			7769346048		54.8
	9408495616		 73465856			7769853952		54.8
	9389584384		 92909568			7789481984		54.7
	9389522944		 92459008			7789383680		54.7
	9399427072		 77455360			7779467264		54.7
	9396641792		 81797120			7781961728		54.7
	9396596736		 81539072			7781834752		54.7
	9396752384		 81874944			7782400000		54.7
	9383759872		 99487744			7795171328		54.6
	9383727104		 99622912			7795605504		54.6
	9383739392		 99090432			7795220480		54.6
	9383133184		 99299328			7795580928		54.6
	9388748800		 94048256			7790280704		54.7
	9383718912		 98586624			7795122176		54.6
	9388724224		 93356032			7789817856		54.7
	9404026880		 78229504			7775105024		54.7
	9403822080		 77676544			7774466048		54.7
	9409155072		 76111872			7769825280		54.8
	9385234432		 99524608			7793549312		54.6
	9384779776		 100311040			7794278400		54.6
	9386479616		 98254848			7792414720		54.6
	9438973952		 30404608			7739187200		55.0
	9429475328		 44077056			7749427200		54.9
	9432752128		 30216192			7745941504		54.9
	9382477824		 118771712			7796314112		54.6
	9376395264		 125825024			7802179584		54.6
	9384140800		 131072000			7795220480		54.6
	9382662144		 137117696			7796023296		54.6
	9385316352		 132632576			7793815552		54.6
	9358094336		 146620416			7820529664		54.5
	9369006080		 143605760			7809974272		54.5
	9368944640		 146726912			7809482752		54.5
	9367465984		 150859776			7810736128		54.5
	9367953408		 152211456			7810658304		54.5
	9367953408		 152702976			7811141632		54.5
	9373884416		 131383296			7804968960		54.6
	9371127808		 127229952			7807258624		54.6
	9377546240		 113278976			7801720832		54.6
	9380831232		 112807936			7797960704		54.6
	9381240832		 112615424			7797411840		54.6
	9374498816		 143503360			7804346368		54.6
	9374949376		 143458304			7803748352		54.6
	9382428672		 141709312			7796506624		54.6
	9437409280		 26771456			7741616128		54.9
	9448591360		 27680768			7730462720		55.0
	9454403584		 19222528			7724765184		55.0
	9511501824		 16683008			7666995200		55.4
	9497346048		 44101632			7680942080		55.3
	9480351744		 63893504			7698190336		55.2
	9415008256		 113135616			7763755008		54.8
	9519480832		 56737792			7659270144		55.4
	9476988928		 95416320			7701659648		55.2
	9446731776		 98193408			7732432896		55.0
	9416146944		 122847232			7763120128		54.8
	9402724352		 133976064			7776653312		54.7
	9413697536		 136118272			7765094400		54.8
	9409351680		 139407360			7768956928		54.8
	9437007872		 126140416			7741857792		54.9
	9447444480		 110616576			7731646464		55.0
	9440722944		 102846464			7737880576		55.0
	9450213376		 96882688			7728009216		55.0
	9491726336		 77885440			7687270400		55.3
	9463808000		 103100416			7715508224		55.1
	9426825216		 102506496			7752261632		54.9
	9407885312		 101412864			7770271744		54.8
	9402449920		 106819584			7776784384		54.7
	9400725504		 106225664			7777673216		54.7
	9400623104		 106242048			7777914880		54.7
	9390731264		 121929728			7787737088		54.7
	9399087104		 102952960			7779684352		54.7
	9402691584		 101298176			7775830016		54.7
	9442529280		 68046848			7736090624		55.0
	9444716544		 89321472			7734509568		55.0
	9434955776		 111661056			7743696896		54.9
	9508425728		 49078272			7670472704		55.4
	9473912832		 62746624			7704612864		55.2
	9471258624		 25448448			7707463680		55.1
	9278996480		 16822272			7899193344		54.0
	9480581120		 14471168			7689129984		55.2
	9495625728		 19828736			7674019840		55.3
	9515941888		 22859776			7653949440		55.4
	9506267136		 31002624			7663837184		55.4
	9459777536		 67670016			7710126080		55.1
	9440698368		 89194496			7728705536		55.0
	9415618560		 99016704			7754022912		54.9
	9460477952		 61898752			7709376512		55.1
	9493975040		 27631616			7675621376		55.3
	9470713856		 66568192			7699005440		55.2
	9479323648		 41639936			7690743808		55.2
	9435361280		 114475008			7734046720		55.0
	9390964736		 207716352			7778447360		54.7
	9380540416		 212545536			7789424640		54.7
	9373134848		 215814144			7796375552		54.6
	9369649152		 231821312			7800324096		54.6
	9367445504		 251314176			7802458112		54.6
	9405755392		 129044480			7764283392		54.8
	9415249920		 109350912			7754465280		54.9
	9452085248		 90263552			7717019648		55.1
	9497649152		 95993856			7672332288		55.3
	9504460800		 72249344			7665418240		55.4
	9465659392		 75423744			7704104960		55.2
	9448042496		 102481920			7721955328		55.1
	9443946496		 103108608			7725924352		55.0
	9474576384		 52314112			7695204352		55.2
	9457479680		 47636480			7712432128		55.1
	9399799808		 113807360			7770177536		54.8
	9373048832		 174395392			7796830208		54.6
	9369608192		 197730304			7800262656		54.6
	9358233600		 199053312			7811854336		54.5
	9259839488		 356114432			7910072320		54.0
	9257750528		 364802048			7912321024		53.9
	9323487232		 317923328			7846580224		54.3
	9311035392		 335327232			7859208192		54.3
	9325817856		 301649920			7844761600		54.3
	9316294656		 314437632			7853424640		54.3
	9301004288		 334622720			7869337600		54.2
	9284509696		 351920128			7885094912		54.1
	9293955072		 369336320			7876042752		54.2
	9276428288		 386027520			7893848064		54.1
	9253318656		 407724032			7916990464		53.9
	9254649856		 409509888			7915458560		53.9
	9250922496		 409743360			7919472640		53.9
	9256140800		 409214976			7914397696		53.9
	9251786752		 416124928			7919013888		53.9
	9269387264		 384905216			7901126656		54.0
	9269026816		 378511360			7901044736		54.0
	9276452864		 373071872			7894077440		54.1
	9264693248		 395530240			7905288192		54.0
	9268150272		 392364032			7902150656		54.0
	9254182912		 407687168			7915896832		53.9
	9246302208		 429993984			7924293632		53.9
	9237815296		 437207040			7932162048		53.8
	9240363008		 435867648			7930339328		53.8
	9239068672		 436719616			7931191296		53.8
	9247739904		 421072896			7922774016		53.9
	9255800832		 405544960			7914663936		53.9
	9247760384		 411197440			7922331648		53.9
	9246986240		 411209728			7923183616		53.9
	9241673728		 420167680			7928078336		53.9
	9242591232		 420298752			7927218176		53.9
	9122402304		 658587648			8047484928		53.2
	9121767424		 659296256			8048472064		53.2
	9125953536		 657195008			8044339200		53.2
	9122971648		 664883200			8047128576		53.2
	9119645696		 668413952			8050655232		53.1
	9120268288		 667762688			8049971200		53.1
	9126322176		 648736768			8043679744		53.2
	9126436864		 648564736			8043769856		53.2
	9126178816		 648384512			8044109824		53.2
	9116348416		 667377664			8054116352		53.1
	9116774400		 666877952			8053682176		53.1
	9116274688		 666411008			8053706752		53.1
	9116147712		 666755072			8054198272		53.1
	9116602368		 666296320			8053669888		53.1
	9116786688		 666288128			8053784576		53.1
	9118105600		 663040000			8051761152		53.1
	9136373760		 640020480			8033718272		53.2
	9134157824		 641716224			8036085760		53.2
	9136259072		 635256832			8033890304		53.2
	9176002560		 560537600			7994335232		53.5
	9162268672		 580120576			8008110080		53.4
	9158103040		 582717440			8012189696		53.4
	9158631424		 581828608			8011321344		53.4
	9147002880		 601026560			8023023616		53.3
	9243987968		 412110848			7926534144		53.9
	9248186368		 404557824			7922282496		53.9
	9248129024		 404635648			7921954816		53.9
	9185959936		 490721280			7983812608		53.5
	9185382400		 491622400			7984869376		53.5
	9164881920		 525021184			8005103616		53.4
	9165467648		 524312576			8004575232		53.4
	9149460480		 541220864			8020402176		53.3
	9149362176		 540782592			8020185088		53.3
	9152737280		 538058752			8017620992		53.3
	9186312192		 513044480			7984295936		53.5
	9296977920		 457277440			7872671744		54.2
	9411321856		 374104064			7758581760		54.8
	9375928320		 419987456			7794425856		54.6
	9312686080		 423034880			7857491968		54.3
	9289584640		 427646976			7881076736		54.1
	9273073664		 427298816			7897792512		54.0
	9268047872		 426856448			7902437376		54.0
	9231323136		 451342336			7938789376		53.8
	9232609280		 452255744			7937732608		53.8
	9232461824		 451833856			7937470464		53.8
	9229971456		 451825664			7940001792		53.8
	9240731648		 447840256			7929159680		53.8
	9236688896		 456704000			7933919232		53.8
	9245896704		 456740864			7924142080		53.9
	9292259328		 408981504			7878029312		54.1
	9264984064		 423514112			7904481280		54.0
	9254268928		 422117376			7915466752		53.9
	9244160000		 440377344			7925706752		53.9
	9239912448		 445489152			7930191872		53.8
	9243787264		 438861824			7925690368		53.9
	9240788992		 443449344			7929270272		53.8
	9243152384		 445079552			7927275520		53.9
	9185239040		 565088256			7984652288		53.5
	9321844736		 403349504			7848730624		54.3
	9308696576		 500572160			7861497856		54.2
