    CPU_1(%)   CPU_2(%)  CPU_3(%) CPU_4(%)
	 6.1 		 1.0		5.1		0.0
	 5.0 		 2.0		7.0		0.0
	 34.0 		 4.0		30.7	4.0
	 5.0 		 0.0		8.1		2.0
	 4.0 		 2.0		6.9		1.0
	 6.0 		 1.0		5.9		0.0
	 5.0 		 0.0		5.9		1.0
	 8.8 		 0.0		3.0		1.0
	 7.0 		 1.0		6.0		1.0
	 5.9 		 1.0		5.9		1.0
	 7.8 		 0.0		5.9		1.0
	 6.0 		 1.0		3.0		0.0
	 6.9 		 0.0		5.0		0.0
	 7.1 		 1.0		5.0		0.0
	 5.9 		 0.0		5.0		1.0
	 5.0 		 2.0		6.0		1.0
	 5.0 		 1.0		5.9		1.0
	 16.8 		 2.0		6.0		0.0
	 6.0 		 1.0		7.0		0.0
	 5.9 		 1.0		5.9		0.0
	 6.0 		 1.0		6.9		0.0
	 5.9 		 1.0		6.0		2.0
	 6.9 		 1.0		12.9	0.0
	 21.8 		 12.1		16.8	12.9
	 6.1 		 2.0		4.0		1.0
	 6.0 		 1.0		4.0		1.0
	 10.0 		 2.0		8.0		1.0
	 3.0 		 1.0		6.1		0.0
	 8.9 		 2.0		6.0		1.0
	 5.0 		 1.0		7.8		0.0
	 5.9 		 0.0		4.9		1.0
	 13.9 		 4.0		15.8	2.0
	 20.8 		 9.9		18.8	8.9
	 18.8 		 9.9		20.0	10.9
	 31.7 		 8.0		29.7	7.9
	 29.0 		 5.0		28.0	4.0
	 22.4 		 6.0		22.8	5.0
	 10.0 		 2.0		9.9		2.0
	 3.0 		 1.0		2.0		1.0
	 7.0 		 1.0		10.0	1.0
	 36.0 		 8.0		33.3	6.0
	 26.0 		 5.0		21.0	3.0
	 24.8 		 5.9		23.8	5.0
	 36.4 		 5.0		30.7	5.0
	 29.3 		 5.9		33.3	5.0
	 45.0 		 7.0		41.6	7.0
	 5.9 		 1.0		4.0		1.0
	 30.0 		 6.9		27.7	5.9
	 31.0 		 6.0		32.0	6.0
	 14.0 		 2.0		10.0	1.0
	 41.4 		 6.0		51.5	6.0
	 12.0 		 1.0		9.0		1.0
	 31.0 		 6.0		26.7	6.0
	 7.0 		 1.0		3.0		1.0
	 2.0 		 0.0		2.0		0.0
	 21.2 		 7.9		19.0	7.9
	 19.8 		 9.0		20.0	5.0
	 5.0 		 2.0		3.0		1.0
	 5.9 		 0.0		5.0		1.0
	 32.3 		 9.9		28.0		5.9
	 80.2 		 45.5		76.2		43.6
	 51.0 		 19.6		42.0		13.9
	 59.4 		 21.0		54.5		17.8
	 31.7 		 9.8		28.7		5.0
	 25.7 		 6.0		22.2		3.0
	 26.7 		 6.0		24.5		2.0
	 28.4 		 5.0		22.8		2.0
	 38.0 		 10.9		37.0		6.0
	 22.2 		 5.0		21.0		3.0
	 21.8 		 5.0		21.0		3.0
	 20.8 		 5.9		19.8		2.0
	 20.0 		 5.9		20.8		2.0
	 35.4 		 8.0		28.0		4.0
	 22.8 		 4.0		19.8		2.0
	 22.0 		 6.9		22.0		3.0
	 50.5 		 12.9		47.0		8.9
	 90.1 		 22.0		78.8		20.8
	 98.0 		 33.7		98.0		25.7
	 38.0 		 8.0		33.0		6.9
	 40.6 		 10.0		34.0		6.9
	 38.6 		 12.7		35.0		7.1
	 38.0 		 6.9		35.0		6.9
	 24.8 		 6.0		21.8		3.0
	 18.0 		 4.0		19.0		1.0
	 87.9 		 34.7		78.2		33.0
	 22.8 		 5.0		20.8		2.0
	 19.8 		 4.0		19.8		2.0
	 21.6 		 5.0		20.8		2.0
	 26.7 		 5.9		24.0		2.0
	 24.0 		 5.0		23.0		2.0
	 20.8 		 4.0		19.8		2.0
	 20.0 		 5.9		19.0		2.0
	 19.0 		 5.0		20.8		2.0
	 43.0 		 14.0		34.3		7.9
	 78.0 		 18.8		67.0		18.8
	 32.0 		 6.0		28.7		5.0
	 21.0 		 5.0		20.0		1.0
	 23.8 		 5.9		22.8		3.0
	 26.7 		 6.0		23.8		3.0
	 44.0 		 7.9		30.7		5.0
	 42.0 		 9.9		37.6		6.9
	 32.0 		 8.9		29.3		5.0
	 20.8 		 5.0		20.0		3.0
	 25.7 		 8.8		25.0		4.0
	 22.0 		 5.0		21.0		2.9
	 21.0 		 5.0		19.8		2.0
	 34.0 		 7.9		27.7		4.0
	 30.0 		 8.0		27.7		4.0
	 31.7 		 8.9		26.0		5.9
	 29.7 		 6.0		25.7		4.0
	 37.0 		 9.9		34.0		6.9
	 31.7 		 6.9		27.0		4.0
	 35.0 		 9.9		33.0		6.9
	 40.0 		 9.9		31.7		6.9
	 24.2 		 5.9		23.0		3.0
	 67.0 		 13.0		53.0		10.0
	 23.0 		 5.9		21.2		2.0
	 42.0 		 11.0		36.4		6.0
	 60.2 		 11.7		52.4		9.8
	 27.7 		 5.0		25.0		3.0
	 36.0 		 9.9		32.0		5.9
	 21.0 		 4.0		20.0		1.0
	 54.5 		 13.0		42.6		10.9
	 36.0 		 12.9		33.0		7.0
	 25.7 		 5.0		23.0		2.0
	 29.0 		 6.9		25.7		4.9
	 22.8 		 6.0		22.0		2.0
	 19.0 		 5.0		20.8		2.0
	 21.8 		 4.0		22.8		3.0
	 29.7 		 7.9		27.3		4.0
	 21.0 		 5.0		20.8		1.0
	 14.9 		 5.0		13.1		1.0
	 14.9 		 3.0		14.9		1.0
	 15.0 		 4.0		15.0		2.0
	 17.8 		 5.0		17.0		1.0
	 32.0 		 8.0		25.0		4.0
	 25.0 		 7.0		23.0		4.0
	 36.6 		 9.0		30.0		5.9
	 43.6 		 14.1		39.0		10.9
	 23.8 		 6.9		21.0		3.0
	 23.8 		 6.0		22.8		2.0
	 22.8 		 5.9		19.0		3.0
	 35.6 		 10.0		34.7		5.9
	 55.0 		 10.0		44.0		5.9
	 20.8 		 5.0		19.8		2.0
	 61.4 		 12.9		51.5		7.9
	 48.0 		 9.9		41.6		5.9
	 19.0 		 4.0		16.0		3.0
	 26.7 		 6.9		23.0		4.9
	 22.8 		 5.0		19.8		3.0
	 20.0 		 6.0		15.0		2.0
	 15.8 		 4.0		14.0		1.0
	 25.0 		 4.0		20.8		3.0
	 24.8 		 5.9		18.2		3.0
	 27.3 		 6.0		23.8		5.0
	 13.9 		 4.0		12.9		2.0
	 45.5 		 5.0		27.7		6.9
	 21.8 		 5.9		19.8		3.0
	 15.7 		 4.0		12.9		1.0
	 15.8 		 4.0		13.9		1.0
	 14.9 		 5.0		14.0		1.0
	 18.8 		 4.0		14.0		2.0
	 35.0 		 12.9		30.0		7.9
	 53.0 		 13.1		45.0		10.1
	 18.8 		 5.0		15.0		3.0
	 16.0 		 4.0		14.0		2.0
	 15.8 		 4.0		12.1		2.0
	 15.8 		 3.0		12.0		2.0
	 86.1 		 33.7		77.2		30.7
	 22.0 		 6.9		18.2		3.0
	 15.8 		 5.0		14.0		2.0
	 16.2 		 5.0		15.7		1.0
	 15.8 		 4.9		13.9		1.0
	 13.1 		 4.0		12.0		1.0
	 17.8 		 5.0		14.0		3.0
	 14.9 		 4.0		13.9		1.0
	 14.9 		 3.0		13.0		2.0
	 14.7 		 3.0		12.9		0.0
	 12.9 		 3.0		12.0		1.0
	 22.0 		 5.0		17.0		3.0
	 74.3 		 11.0		51.0		13.0
	 21.8 		 5.0		15.0		3.0
	 28.0 		 7.0		23.8		3.0
	 23.8 		 6.0		20.8		4.0
	 18.8 		 5.0		16.7		2.0
	 49.0 		 11.0		36.0		8.0
	 18.0 		 5.0		15.0		2.0
	 18.0 		 5.0		15.8		2.0
	 22.0 		 5.0		16.8		2.0
	 33.0 		 9.9		32.7		6.1
	 19.0 		 5.0		16.2		2.0
	 19.8 		 6.9		17.2		3.0
	 17.8 		 5.0		15.0		2.0
	 17.8 		 5.0		14.9		3.0
	 23.8 		 5.0		16.0		2.0
	 17.0 		 4.0		13.1		2.0
	 16.0 		 3.0		13.0		2.0
	 18.0 		 5.0		15.0		1.0
	 21.8 		 7.9		18.2		4.0
	 24.2 		 5.0		20.0		3.0
	 18.0 		 5.0		16.0		2.0
	 15.8 		 4.0		14.9		2.0
	 27.0 		 4.0		23.8		2.0
	 23.8 		 5.1		20.8		3.0
	 20.0 		 7.1		19.0		4.0
	 15.8 		 4.0		15.0		1.0
	 21.8 		 4.0		19.0		2.0
	 18.0 		 5.0		16.0		2.0
	 15.8 		 4.0		15.0		1.0
	 16.8 		 4.0		15.2		2.0
	 15.0 		 4.0		16.7		1.0
	 17.8 		 4.0		16.0		2.0
	 35.6 		 6.9		31.7		5.0
	 34.7 		 8.8		25.7		4.0
	 32.0 		 6.1		23.0		5.0
	 30.0 		 6.0		21.8		3.0
	 30.3 		 6.0		23.0		2.0
	 31.0 		 7.0		23.8		3.0
	 53.9 		 22.0		47.5		13.9
	 34.7 		 7.9		24.0		3.0
	 32.7 		 7.8		20.0		4.0
	 32.0 		 7.8		24.8		4.0
	 38.6 		 8.0		27.3		5.9
	 37.0 		 8.1		25.0		4.0
	 32.0 		 7.9		23.5		3.0
	 33.0 		 6.9		23.0		3.0
	 39.6 		 10.9		31.0		7.9
	 31.3 		 7.9		22.0		3.0
	 31.0 		 7.0		21.0		2.0
	 29.0 		 6.0		20.8		2.0
	 31.0 		 6.1		23.8		3.0
	 30.7 		 6.0		21.8		2.0
	 32.7 		 7.9		22.0		3.0
	 32.0 		 7.9		22.0		4.0
	 31.7 		 7.8		22.8		3.0
	 33.0 		 6.0		21.8		2.0
	 32.0 		 7.8		23.0		2.0
	 32.0 		 7.8		22.2		3.0
	 31.7 		 6.9		22.0		3.0
	 30.7 		 8.8		20.0		2.0
	 53.5 		 17.6		43.0		9.9
	 30.3 		 7.0		22.8		2.0
	 39.6 		 8.9		30.0		6.9
	 25.7 		 5.9		21.8		4.0
	 35.0 		 7.9		25.0		4.0
	 50.0 		 15.7		45.5		9.9
	 48.0 		 13.0		42.0		10.9
	 38.0 		 8.0		32.0		6.0
	 42.0 		 10.0		33.0		7.9
	 37.3 		 9.8		31.7		6.0
	 35.6 		 9.0		30.7		5.9
	 39.0 		 10.0		33.7		6.9
	 43.0 		 12.0		39.2		8.9
	 40.0 		 9.0		33.0		6.0
	 96.0 		 54.0		97.0		43.6
	 43.6 		 15.8		39.0		11.9
	 36.6 		 10.0		31.0		5.0
	 40.6 		 9.0		33.3		7.0
	 39.6 		 9.8		32.7		5.0
	 41.0 		 10.8		34.0		6.9
	 36.4 		 6.0		29.7		5.9
	 40.6 		 9.0		34.7		7.0
	 43.6 		 11.1		38.4		8.0
	 38.6 		 8.8		32.0		6.9
	 38.0 		 9.0		34.0		6.0
	 38.6 		 8.1		31.7		5.9
	 42.0 		 11.0		37.0		7.9
	 44.0 		 11.9		37.6		9.0
	 38.6 		 9.0		33.0		6.0
	 41.0 		 9.1		37.6		7.0
	 49.5 		 15.2		42.0		12.9
	 54.5 		 17.0		50.0		13.0
	 43.6 		 9.0		34.7		7.9
	 42.6 		 11.0		37.0		8.9
	 44.0 		 11.9		37.0		8.9
	 38.6 		 8.0		33.0		6.9
	 37.6 		 11.0		33.3		7.0
	 45.5 		 12.0		40.0		7.9
	 38.0 		 8.0		33.0		6.9
	 42.6 		 10.9		34.0		7.9
	 40.0 		 11.9		33.0		8.8
	 71.3 		 15.8		64.0		15.0
	 29.0 		 5.1		25.7		3.0
	 36.0 		 7.9		29.0		4.0
	 37.3 		 8.0		29.0		5.9
	 36.6 		 9.0		30.0		6.0
	 40.4 		 10.0		32.7		5.0
	 59.4 		 15.0		52.0		11.9
	 42.0 		 10.0		35.6		7.0
	 36.0 		 7.9		30.0		5.0
	 31.7 		 6.0		28.0		3.0
	 45.0 		 21.8		42.6		16.0
	 61.0 		 13.9		53.0		11.9
	 45.5 		 13.9		40.6		8.1
	 33.3 		 7.8		28.0		4.0
	 35.0 		 7.0		28.7		4.0
	 33.7 		 8.8		28.7		4.9
	 34.7 		 6.9		26.7		4.0
	 34.0 		 7.0		25.0		4.0
	 34.7 		 7.0		28.3		4.0
	 35.0 		 9.0		31.0		5.9
	 67.6 		 20.8		57.0		13.0
	 30.0 		 6.9		28.7		4.0
	 40.0 		 10.9		35.4		8.0
	 33.7 		 6.0		29.7		5.0
	 42.0 		 10.1		33.0		7.0
	 74.3 		 13.7		58.0		11.0
	 66.0 		 14.0		56.0		12.0
	 43.1 		 13.0		37.0		9.0
	 34.7 		 7.0		29.7		5.9
	 40.0 		 11.0		35.0		8.0
	 40.0 		 7.9		32.3		5.9
	 35.0 		 7.0		29.7		5.0
	 36.0 		 9.0		27.7		4.0
	 33.7 		 7.9		26.0		5.0
	 32.4 		 6.0		26.0		3.0
	 49.5 		 13.0		41.6		8.9
	 45.5 		 14.9		40.6		10.9
	 36.0 		 8.0		30.7		5.9
	 36.6 		 7.0		29.7		4.0
	 41.6 		 11.0		37.6		7.1
	 29.7 		 7.9		28.0		5.0
	 36.0 		 9.9		31.0		4.0
	 25.7 		 6.0		23.8		4.0
	 39.4 		 11.9		34.0		7.0
	 34.7 		 10.0		32.0		7.0
	 39.0 		 10.9		35.0		7.0
	 45.5 		 13.9		38.0		9.0
	 37.6 		 9.8		30.7		7.0
	 32.7 		 8.8		28.7		3.0
	 34.0 		 7.9		30.0		5.0
	 54.5 		 25.7		49.0		20.0
	 31.7 		 8.0		27.7		5.9
	 32.0 		 7.9		27.0		5.0
	 100.0 		 54.5		100.0		49.5
	 41.0 		 11.0		37.0		7.0
	 35.0 		 8.9		29.7		4.0
	 50.5 		 15.2		46.5		12.9
	 33.7 		 6.0		28.0		5.0
	 36.0 		 7.0		28.0		5.0
	 35.4 		 8.0		29.7		5.9
	 36.0 		 8.9		31.0		5.9
	 33.0 		 7.9		28.7		4.0
	 33.7 		 9.0		29.3		5.0
	 34.7 		 6.9		28.7		4.0
	 30.7 		 7.0		25.7		4.0
	 36.3 		 9.0		32.7		6.0
	 42.6 		 11.0		32.3		7.9
	 94.0 		 52.5		92.1		40.2
	 39.0 		 13.9		31.3		9.9
	 34.7 		 8.0		29.0		5.9
	 39.0 		 9.0		32.0		6.9
	 37.6 		 7.9		30.0		6.0
	 63.4 		 22.8		58.4		20.6
	 37.6 		 9.9		31.7		5.0
	 34.0 		 6.0		29.0		4.0
	 34.7 		 8.9		30.4		5.0
	 34.3 		 8.8		29.0		5.0
	 34.7 		 7.8		28.7		4.0
	 40.6 		 15.0		34.0		9.1
	 36.6 		 9.0		29.0		5.9
	 37.3 		 8.9		28.7		5.9
	 39.0 		 11.8		34.3		7.9
	 36.0 		 10.0		32.7		6.0
	 39.0 		 8.9		33.7		5.1
	 42.0 		 11.9		37.6		7.0
	 38.4 		 9.9		34.0		6.0
	 43.0 		 12.7		37.0		9.1
	 41.0 		 7.0		34.7		6.9
	 41.6 		 10.0		33.7		7.0
	 39.0 		 8.9		33.7		7.0
	 40.0 		 11.0		35.0		7.0
	 39.4 		 10.0		34.0		5.9
	 39.6 		 10.9		34.3		6.9
	 39.0 		 9.0		31.0		5.9
	 41.6 		 11.1		38.0		8.8
	 40.0 		 7.9		32.7		6.0
	 51.0 		 17.0		42.0		11.0
	 52.0 		 23.8		44.6		20.8
	 38.0 		 8.9		32.0		5.9
	 33.7 		 6.9		28.7		5.0
	 33.7 		 5.1		28.7		5.9
	 34.3 		 7.9		28.0		5.9
	 40.0 		 8.9		34.7		7.0
	 32.7 		 7.0		27.7		5.9
	 33.0 		 7.0		27.7		3.0
	 40.0 		 8.9		30.4		5.0
	 37.0 		 8.0		32.7		4.0
	 35.0 		 7.8		30.0		4.0
	 37.0 		 8.9		30.0		5.0
	 37.6 		 9.9		31.0		5.0
	 40.0 		 9.9		33.7		6.9
	 38.6 		 9.9		32.7		5.9
	 35.6 		 8.9		30.3		4.0
	 51.5 		 16.0		46.5		11.0
	 44.0 		 9.9		34.0		6.0
	 40.0 		 10.9		35.0		6.0
	 45.0 		 9.9		37.0		8.9
	 39.0 		 8.9		31.7		5.9
	 43.6 		 15.0		37.0		9.1
	 41.6 		 9.0		30.3		6.0
	 38.6 		 9.0		33.0		5.9
	 40.0 		 10.9		33.7		6.9
	 36.6 		 8.9		30.4		5.0
	 38.6 		 8.0		32.0		5.0
	 36.6 		 7.1		31.7		5.0
	 38.4 		 7.9		30.0		5.0
	 36.6 		 9.1		33.0		5.9
	 45.5 		 10.0		35.6		8.0
	 38.2 		 8.1		30.7		4.0
	 38.0 		 7.0		30.0		4.0
	 35.0 		 7.1		29.7		4.0
	 40.4 		 11.8		34.7		5.9
	 36.6 		 7.0		29.0		5.0
	 49.5 		 13.1		42.6		10.0
	 35.0 		 7.0		28.7		5.9
	 20.0 		 4.0		21.8		2.0
	 21.8 		 3.0		21.0		2.0
	 21.0 		 5.0		21.0		3.0
	 21.0 		 4.0		20.0		3.0
	 23.0 		 5.0		20.8		3.0
	 53.0 		 13.0		37.6		7.0
	 18.0 		 3.0		20.0		2.0
	 19.0 		 4.9		21.0		2.9
	 31.0 		 8.0		30.7		6.0
	 17.0 		 5.0		20.6		1.0
	 18.0 		 5.0		20.8		2.0
	 22.0 		 5.0		21.8		3.0
	 19.0 		 5.0		22.5		3.0
	 20.6 		 4.0		21.0		2.0
	 21.8 		 3.0		20.2		2.0
	 20.0 		 4.0		20.8		3.0
	 21.8 		 3.0		20.2		2.9
	 24.0 		 5.0		22.5		3.0
	 17.8 		 4.0		20.8		2.0
	 24.0 		 5.0		21.8		2.0
	 21.8 		 4.9		22.0		3.0
	 26.0 		 8.9		27.0		5.1
	 22.8 		 4.0		21.0		3.0
	 18.0 		 4.0		19.8		2.0
	 20.0 		 4.0		22.0		2.0
	 26.0 		 5.0		22.8		3.0
	 20.0 		 4.9		20.0		2.0
	 19.0 		 5.0		21.8		2.0
	 21.8 		 3.0		21.8		3.0
	 19.0 		 5.0		20.0		2.0
	 17.8 		 4.0		21.0		1.0
	 20.0 		 5.0		20.8		2.0
	 19.0 		 3.0		20.0		1.0
	 71.3 		 12.9		55.6		14.9
	 17.8 		 3.0		19.0		2.0
	 19.0 		 5.0		19.8		2.0
	 16.0 		 5.0		20.0		2.0
	 16.8 		 3.0		19.8		1.0
	 18.8 		 3.0		21.8		2.0
	 16.8 		 4.0		19.8		2.0
	 16.8 		 4.0		20.8		1.0
	 18.0 		 5.0		20.8		3.0
	 17.8 		 4.0		19.8		2.0
	 16.8 		 3.0		20.8		2.0
	 18.8 		 4.0		20.0		2.0
	 17.0 		 4.0		20.6		1.0
	 16.8 		 3.0		20.0		2.0
	 25.0 		 8.9		28.4		5.9
	 15.7 		 3.0		20.0		2.0
	 29.4 		 16.8		32.0		11.0
	 15.7 		 4.9		19.0		1.0
	 14.0 		 3.0		19.6		2.0
	 14.9 		 3.0		19.8		2.0
	 17.0 		 5.0		23.5		3.9
	 14.0 		 3.0		19.0		2.0
	 14.0 		 3.0		19.0		1.0
	 15.7 		 3.0		19.8		2.0
	 20.8 		 8.0		24.8		6.0
	 14.9 		 4.0		20.8		2.0
	 14.9 		 4.9		20.0		1.0
	 18.8 		 4.0		21.8		2.0
	 18.8 		 3.0		20.2		2.0
	 18.8 		 5.0		22.0		2.0
	 47.5 		 13.1		45.5		10.0
	 59.0 		 14.0		54.5		9.9
	 62.4 		 14.0		57.4		11.9
	 54.5 		 14.0		55.4		10.9
	 52.5 		 15.0		47.5		12.9
	 83.2 		 31.7		83.2		31.0
	 64.4 		 13.0		61.6		12.9
	 43.6 		 9.0		38.2		6.0
	 68.0 		 15.0		64.0		11.9
	 64.0 		 14.0		59.0		12.0
	 36.6 		 6.0		31.0		4.0
	 37.0 		 5.9		33.7		5.9
	 63.0 		 9.0		50.5		8.1
	 35.6 		 8.9		32.7		6.0
	 27.7 		 5.9		26.5		4.9
	 28.7 		 7.0		25.3		5.0
	 34.0 		 9.8		32.7		5.9
	 53.0 		 12.1		50.5		9.9
	 34.7 		 6.9		34.7		5.9
	 52.0 		 12.9		50.0		9.0
	 57.4 		 14.0		52.0		9.1
	 52.5 		 17.0		49.5		13.0
	 31.7 		 9.9		30.0		6.0
	 22.0 		 6.0		22.0		3.0
	 22.0 		 5.0		22.8		2.0
	 27.0 		 6.0		27.0		4.0
	 25.0 		 5.0		24.8		3.0
	 22.8 		 4.0		23.8		3.0
	 21.8 		 5.0		22.0		2.0
	 41.0 		 8.9		36.6		6.9
	 23.0 		 5.0		22.8		2.0
	 34.0 		 6.9		29.0		5.0
	 20.0 		 5.0		21.8		2.0
	 34.0 		 8.0		34.7		6.9
	 30.7 		 5.9		26.0		5.0
	 31.7 		 6.9		28.7		4.0
	 27.7 		 6.9		27.7		5.9
	 20.0 		 5.9		22.8		2.0
	 20.0 		 4.0		21.8		3.0
	 21.8 		 5.0		22.0		3.0
	 39.0 		 13.9		35.4		9.8
	 22.8 		 5.9		23.0		3.0
	 21.0 		 3.0		20.8		2.0
	 67.0 		 10.9		50.0		11.9
	 24.8 		 5.0		22.2		3.0
	 22.5 		 5.0		23.0		3.0
	 20.2 		 4.0		22.0		2.0
	 21.0 		 5.0		22.0		3.0
	 23.0 		 5.0		23.8		3.0
	 33.7 		 8.9		29.7		5.9
	 50.0 		 16.8		48.0		12.9
	 61.0 		 18.8		55.4		14.0
	 27.5 		 7.1		26.5		5.0
	 22.8 		 5.0		22.8		3.0
	 18.8 		 4.0		20.8		2.0
	 20.8 		 3.0		21.0		3.0
	 33.0 		 6.0		29.7		5.0
	 28.7 		 11.9		29.7		7.0
	 22.0 		 5.0		21.8		3.0
	 20.0 		 3.0		20.8		2.0
	 19.2 		 4.0		21.6		1.0
	 19.8 		 5.0		21.0		2.0
	 20.2 		 5.0		22.8		2.0
	 20.8 		 5.0		22.0		3.0
	 19.8 		 4.0		21.8		1.0
	 21.6 		 4.0		22.0		2.0
	 19.0 		 5.0		20.2		2.0
	 22.5 		 5.0		23.0		3.0
	 21.0 		 5.9		22.0		3.0
	 20.0 		 5.0		20.2		3.0
	 19.8 		 5.0		21.0		2.0
	 19.2 		 5.0		21.0		3.0
	 38.6 		 11.9		37.6		9.0
	 51.0 		 23.8		46.5		17.0
	 77.2 		 17.0		64.0		16.8
	 21.0 		 5.0		22.8		2.0
	 22.0 		 5.9		22.0		3.0
	 20.8 		 5.0		22.8		3.0
	 17.0 		 5.0		19.8		2.0
	 18.8 		 3.0		21.8		3.0
	 18.8 		 4.0		20.0		2.0
	 74.3 		 23.8		53.5		13.0
	 26.5 		 5.0		25.7		4.0
	 18.0 		 5.0		21.0		2.0
	 24.8 		 5.9		25.0		2.0
	 20.8 		 4.0		20.8		2.9
	 31.0 		 7.1		30.7		5.9
	 22.0 		 5.0		22.8		3.0
	 23.0 		 5.0		23.0		2.0
	 20.8 		 4.0		20.8		1.0
	 26.0 		 6.0		26.7		3.0
	 42.0 		 7.0		38.0		6.9
	 35.6 		 7.0		29.7		5.0
	 26.7 		 6.0		25.0		4.0
	 33.0 		 7.0		29.0		5.0
	 27.7 		 6.0		25.7		3.0
	 34.3 		 8.0		30.7		6.0
	 27.0 		 5.1		25.7		4.0
	 32.4 		 6.0		28.7		4.0
	 26.7 		 5.1		24.8		4.0
	 26.0 		 5.9		25.0		3.0
	 27.0 		 6.9		26.0		4.0
	 33.0 		 5.9		25.7		4.0
	 28.7 		 5.0		26.0		4.0
	 36.0 		 8.0		32.4		7.0
	 25.0 		 5.9		25.0		4.0
	 31.7 		 6.0		27.7		4.0
	 36.6 		 6.9		31.7		5.9
	 31.0 		 6.0		27.7		3.0
	 26.7 		 6.9		25.7		4.0
	 21.0 		 5.0		21.0		3.0
	 26.0 		 5.0		24.8		2.0
	 20.0 		 4.0		21.8		2.0
	 24.8 		 5.1		25.7		3.0
	 49.5 		 12.0		43.6		10.9
	 33.0 		 9.8		30.7		5.9
	 31.7 		 8.8		29.7		5.0
	 28.7 		 8.0		27.0		4.0
	 23.2 		 5.0		23.0		4.0
	 26.7 		 7.9		25.0		4.9
	 31.0 		 7.8		27.0		4.9
	 27.3 		 5.0		27.0		4.0
	 23.0 		 5.0		25.0		3.0
	 21.0 		 5.0		22.8		3.0
	 32.4 		 8.0		31.0		6.9
	 60.6 		 23.0		56.4		17.0
	 19.0 		 5.0		21.0		2.0
	 27.0 		 6.0		25.7		3.0
	 22.0 		 5.0		21.2		3.9
	 25.7 		 8.9		26.7		4.0
	 20.0 		 5.9		22.0		3.0
	 25.5 		 5.1		26.0		3.0
	 20.8 		 5.0		22.2		3.9
	 19.8 		 5.0		21.8		2.0
	 19.0 		 5.0		20.0		2.0
	 23.8 		 5.0		25.7		4.0
	 25.0 		 5.0		24.0		3.0
	 19.0 		 5.0		22.8		3.0
	 25.7 		 5.9		27.0		3.0
	 59.4 		 9.8		49.5		7.9
	 35.6 		 9.0		31.0		5.9
	 30.7 		 8.9		30.0		6.0
	 20.0 		 5.0		22.8		3.0
	 18.8 		 3.0		21.0		2.0
	 21.8 		 5.0		24.0		3.0
	 18.2 		 4.0		22.5		3.0
	 19.8 		 5.0		22.0		2.0
	 19.8 		 5.0		21.8		3.0
	 18.0 		 4.0		21.0		2.0
	 21.8 		 5.0		24.8		3.0
	 19.8 		 4.0		22.0		2.0
	 20.0 		 5.0		21.0		2.0
	 19.8 		 5.0		22.5		2.0
	 21.8 		 5.0		23.8		3.0
	 33.0 		 7.9		29.0		5.0
	 49.5 		 18.8		45.0		12.9
	 20.0 		 4.0		21.0		1.0
	 20.8 		 4.0		22.0		2.0
	 20.2 		 6.0		24.0		3.0
	 19.8 		 5.0		22.8		2.0
	 31.7 		 18.0		33.7		13.0
	 19.0 		 4.0		21.8		1.0
	 24.0 		 5.0		24.8		3.0
	 17.0 		 4.0		20.0		2.0
	 18.0 		 4.0		21.0		2.0
	 20.0 		 5.9		21.0		2.0
	 17.0 		 5.0		18.2		1.0
	 17.6 		 4.0		19.8		2.0
	 17.6 		 4.0		19.0		2.0
	 18.0 		 5.0		20.0		2.0
	 16.0 		 3.0		18.8		2.0
	 17.0 		 4.0		20.0		1.0
	 34.7 		 6.9		21.0		2.0
	 17.0 		 4.9		20.0		2.9
	 23.0 		 5.9		22.8		1.0
	 16.8 		 4.9		19.8		2.0
	 40.4 		 19.0		40.0		13.1
	 18.8 		 4.0		19.8		2.0
	 26.0 		 6.0		24.0		3.0
	 16.8 		 5.0		20.8		2.0
	 20.0 		 5.0		21.2		3.0
	 17.0 		 4.0		19.0		1.0
	 18.8 		 5.0		20.0		2.0
	 20.0 		 5.9		20.8		2.9
	 15.8 		 5.0		19.8		1.0
	 17.8 		 3.0		20.0		1.0
	 16.2 		 5.0		20.6		2.0
	 16.0 		 5.0		19.2		1.0
	 17.8 		 4.0		20.6		1.0
	 16.0 		 5.0		19.8		2.0
	 27.0 		 6.9		27.7		4.0
	 18.0 		 4.0		19.0		2.0
	 25.0 		 5.0		22.0		3.0
	 19.8 		 5.0		20.0		3.0
	 16.0 		 5.0		19.2		2.0
	 24.8 		 7.8		25.7		3.0
	 23.5 		 6.0		22.8		3.0
	 15.0 		 5.0		19.0		1.0
	 17.0 		 5.0		20.0		2.0
	 80.4 		 32.7		64.0		22.0
	 19.0 		 7.0		23.2		4.0
	 15.8 		 4.0		19.8		2.0
	 24.0 		 6.9		22.8		3.0
	 24.8 		 6.9		24.8		3.0
	 16.7 		 5.0		19.8		1.0
	 17.8 		 6.9		20.0		2.0
	 16.0 		 5.9		19.0		2.0
	 15.8 		 5.0		19.6		1.0
	 16.0 		 5.0		20.0		2.0
	 17.8 		 5.9		20.8		1.0
	 33.7 		 7.9		28.7		5.0
	 16.7 		 5.0		19.8		2.0
	 16.7 		 5.9		20.0		2.9
	 15.8 		 5.0		19.8		2.0
	 14.9 		 5.0		19.8		2.0
	 16.7 		 5.0		20.8		1.0
	 18.8 		 5.9		22.5		1.0
	 20.8 		 6.9		24.8		3.9
	 20.2 		 6.9		23.8		2.0
	 34.7 		 8.8		37.6		5.0
	 13.9 		 4.0		19.6		1.0
	 33.7 		 12.9		32.0		7.8
	 21.0 		 6.9		22.0		2.0
	 17.6 		 4.0		18.2		1.0
	 91.0 		 25.0		79.2		22.8
	 51.5 		 15.8		45.0		11.9
	 18.2 		 4.0		20.0		1.0
	 83.2 		 19.8		65.0		17.0
	 23.0 		 7.0		23.5		3.0
	 70.0 		 16.0		58.0		14.9
	 62.4 		 26.7		55.4		23.0
	 40.6 		 10.9		36.6		7.0
	 25.0 		 7.0		26.0		3.0
	 27.0 		 6.0		25.7		4.9
	 21.8 		 5.9		22.0		2.0
	 35.6 		 10.9		35.0		5.9
	 41.0 		 9.9		35.0		5.0
	 32.7 		 6.0		28.0		4.0
	 43.1 		 19.0		41.0		15.8
	 59.4 		 15.0		51.5		12.7
	 23.2 		 5.9		21.8		3.0
	 25.0 		 7.9		25.7		3.0
	 21.8 		 6.9		21.8		2.0
	 21.0 		 5.0		21.0		2.0
	 20.0 		 5.0		21.8		2.0
	 19.8 		 5.0		20.6		2.0
	 20.6 		 5.0		21.8		2.0
	 31.7 		 19.0		33.0		12.7
	 22.0 		 5.9		22.0		3.0
	 27.0 		 5.0		23.5		2.0
	 50.0 		 9.0		43.0		6.0
	 36.6 		 12.0		29.6		6.1
	 28.0 		 7.0		25.0		3.0
	 33.7 		 11.0		31.7		6.9
	 28.7 		 9.0		26.7		5.0
	 78.0 		 45.0		79.2		36.0
	 89.1 		 76.2		91.0		65.3
	 26.0 		 6.9		24.8		2.0
	 58.4 		 19.8		52.5		13.0
	 45.5 		 12.9		38.6		9.0
	 31.0 		 7.0		28.0		4.0
	 27.7 		 8.0		25.7		4.9
	 46.5 		 8.1		36.0		6.0
	 24.0 		 6.9		22.8		3.0
	 62.0 		 9.0		44.6		7.9
	 34.7 		 9.0		33.7		5.0
	 51.5 		 12.0		49.5		8.9
	 28.7 		 10.9		30.0		6.9
	 25.3 		 6.9		24.8		3.0
	 76.0 		 8.9		49.5		10.9
	 29.0 		 7.8		27.0		4.0
	 28.0 		 7.9		26.0		3.0
	 22.8 		 6.9		23.0		3.0
	 19.8 		 5.0		20.8		3.0
	 24.0 		 7.0		24.0		3.0
	 61.0 		 15.0		57.4		9.9
	 66.0 		 12.9		54.0		10.9
	 38.0 		 10.0		36.6		6.0
	 33.7 		 8.0		32.7		5.0
	 22.0 		 5.0		21.6		3.0
	 22.0 		 6.0		21.8		2.0
	 29.7 		 7.9		27.0		4.0
	 26.0 		 6.9		26.7		4.0
	 19.8 		 5.0		20.2		2.0
	 21.0 		 7.0		23.0		4.0
	 17.0 		 4.0		19.8		2.0
	 19.0 		 5.9		21.8		2.0
	 17.0 		 4.0		19.0		1.0
	 20.0 		 5.9		21.0		2.0
	 51.0 		 13.0		40.6		9.9
	 22.0 		 6.0		22.8		2.0
	 23.0 		 6.9		24.8		2.0
	 18.8 		 3.0		19.0		1.0
	 20.8 		 5.0		21.0		2.0
	 19.0 		 4.0		19.8		1.0
	 21.0 		 5.0		20.8		3.0
	 19.0 		 5.0		21.8		1.0
	 31.7 		 7.1		26.7		4.0
	 21.0 		 5.0		21.0		1.0
	 19.0 		 5.0		20.0		1.0
	 20.6 		 5.0		21.8		1.0
	 18.0 		 5.0		21.0		2.0
	 26.0 		 5.9		24.8		3.0
	 48.0 		 11.0		44.0		12.7
	 28.0 		 6.0		24.0		3.0
	 22.8 		 5.9		23.8		2.0
	 23.8 		 5.0		22.8		2.0
	 17.2 		 5.0		20.2		2.0
	 25.0 		 5.0		23.8		3.0
	 20.8 		 5.9		22.8		3.0
	 34.7 		 7.9		30.7		4.0
	 26.0 		 6.0		26.7		3.0
	 21.0 		 5.1		23.0		3.0
	 18.0 		 5.0		19.0		2.0
	 21.6 		 5.9		22.0		2.0
	 19.8 		 4.0		20.0		2.0
	 19.8 		 5.0		20.0		2.9
	 18.0 		 5.0		21.0		2.0
	 22.0 		 8.0		22.8		3.0
	 21.0 		 5.0		21.8		2.0
	 18.0 		 5.0		19.2		2.0
	 18.0 		 5.0		19.0		1.0
	 18.0 		 5.0		19.8		1.0
	 18.0 		 5.0		20.0		2.0
	 24.0 		 6.0		23.8		2.0
	 18.8 		 5.0		20.0		2.0
	 18.0 		 5.0		20.6		1.0
	 19.0 		 5.0		21.0		3.0
	 19.8 		 5.0		19.8		1.0
	 21.0 		 5.9		20.2		3.0
	 17.8 		 4.0		19.0		1.0
	 21.0 		 6.9		22.0		2.0
	 19.0 		 5.0		20.0		1.0
	 15.0 		 5.0		19.8		1.0
	 30.7 		 17.8		33.3		11.8
	 15.8 		 5.0		20.8		2.0
	 26.7 		 6.9		25.5		3.0
	 18.8 		 5.0		20.0		2.0
	 18.8 		 5.0		19.0		2.0
	 18.8 		 5.0		20.0		2.0
	 20.0 		 4.0		20.8		1.0
	 18.0 		 4.0		19.8		1.0
	 37.0 		 7.0		29.7		4.0
	 20.8 		 6.0		21.0		2.0
	 20.8 		 5.0		20.8		1.0
	 19.8 		 5.0		21.0		2.9
	 18.8 		 5.0		21.0		1.0
	 17.8 		 5.0		20.0		2.0
	 20.8 		 5.0		19.0		2.0
	 17.8 		 4.0		20.0		2.0
	 19.8 		 5.0		20.8		2.0
	 17.8 		 4.0		19.0		2.0
	 56.4 		 16.2		49.0		7.9
	 29.0 		 8.9		27.0		4.0
	 61.4 		 15.8		55.4		13.9
	 23.8 		 6.0		23.8		3.9
	 22.5 		 6.0		22.0		2.0
	 19.8 		 5.0		20.0		2.0
	 18.0 		 4.0		19.8		2.0
	 18.0 		 5.0		21.6		2.0
	 19.0 		 5.9		21.0		2.0
	 17.8 		 5.0		19.8		2.9
	 19.6 		 5.0		19.8		1.0
	 18.0 		 5.0		20.0		1.0
	 40.4 		 5.0		26.0		5.0
	 22.8 		 5.0		23.5		3.0
	 33.3 		 8.0		29.0		5.0
	 37.6 		 12.0		34.3		7.0
	 28.0 		 6.0		26.5		3.0
	 34.7 		 9.0		32.7		5.9
	 27.3 		 7.0		28.0		5.0
	 29.0 		 6.0		25.7		4.9
	 20.0 		 5.0		21.0		2.0
	 85.0 		 4.0		45.5		7.0
	 50.5 		 10.0		37.6		7.9
	 9.9 		 2.0		8.9		2.0
	 43.0 		 6.0		40.0		5.0
	 51.5 		 39.4		56.6		33.0
